70
2 4
0 1 1 0 
1 1 1 1 
13 5
0 0 1 1 1 
0 0 1 1 0 
1 0 0 0 0 
1 0 0 1 0 
0 1 0 1 0 
1 1 0 0 0 
0 0 0 0 1 
1 1 1 1 1 
1 0 0 0 1 
1 0 1 0 0 
0 1 0 1 0 
0 1 0 0 0 
0 1 0 1 1 
6 17
0 0 0 0 1 1 1 1 0 0 0 1 1 1 0 1 0 
0 1 0 0 1 1 1 0 0 0 1 1 0 1 0 0 1 
1 0 1 1 1 1 0 1 1 0 0 0 0 1 0 0 1 
0 0 0 1 0 0 0 0 0 0 0 1 1 1 1 0 1 
0 1 0 1 0 0 1 1 0 0 0 1 0 1 1 0 0 
0 1 1 0 0 1 1 0 1 1 0 0 0 0 0 0 1 
9 1
1 
1 
1 
0 
0 
1 
0 
1 
0 
1 15
0 0 0 0 0 0 0 0 0 0 0 0 1 0 0 
18 18
1 0 0 1 1 0 1 0 1 1 1 1 0 1 0 1 0 0 
1 0 1 0 0 0 1 1 1 0 0 1 1 0 0 1 1 1 
0 1 1 0 1 1 0 0 1 1 1 0 1 0 1 0 1 0 
1 1 0 1 0 0 1 0 1 1 1 1 0 1 1 0 0 0 
1 0 0 1 0 1 1 1 1 1 1 1 1 0 0 1 0 1 
1 1 1 0 1 1 1 1 1 0 0 1 0 1 0 1 0 1 
0 1 1 1 1 1 0 0 0 1 1 0 0 0 0 0 1 0 
1 0 0 0 0 0 0 0 0 1 0 1 0 1 1 0 1 0 
1 1 1 1 0 0 0 0 1 0 0 1 0 1 1 1 1 1 
1 0 0 0 1 1 0 1 1 0 1 1 1 0 1 0 0 0 
0 0 1 1 1 0 1 1 1 0 1 1 1 1 0 0 1 1 
0 1 1 0 0 0 1 1 1 0 1 0 1 0 1 1 0 1 
1 1 1 1 0 1 1 0 1 0 1 1 0 1 0 0 1 0 
0 1 1 0 0 0 1 1 1 1 0 1 0 0 0 0 1 1 
1 0 0 1 0 0 0 1 0 1 1 1 1 0 1 0 1 1 
1 1 0 0 0 0 1 1 0 0 1 0 1 1 1 0 0 0 
1 0 0 1 1 0 0 0 0 1 0 1 0 0 0 0 1 0 
0 1 1 0 0 1 1 0 0 0 0 0 0 1 0 0 1 0 
11 5
0 1 0 1 0 
0 1 1 0 1 
0 0 1 0 0 
1 0 0 1 0 
0 1 0 1 1 
0 0 0 1 1 
1 1 0 0 1 
0 1 0 1 1 
1 0 1 1 1 
1 1 1 0 0 
0 0 0 0 1 
15 6
1 1 0 1 1 1 
0 0 1 0 0 0 
1 1 0 1 1 1 
1 0 0 0 1 1 
1 0 0 1 1 0 
0 1 1 1 0 0 
1 1 1 1 0 1 
0 0 1 1 1 1 
1 1 1 0 0 0 
1 1 1 1 1 1 
1 0 1 1 0 1 
0 0 0 1 1 0 
1 0 0 0 1 1 
0 0 0 0 0 0 
0 1 1 0 0 0 
24 20
1 1 0 0 0 1 1 1 0 0 0 0 1 0 0 0 1 0 0 1 
1 1 0 0 1 0 1 0 1 0 0 0 1 1 0 0 1 0 0 1 
0 0 0 1 1 1 1 0 1 1 0 0 0 0 0 0 0 0 0 1 
1 0 1 0 0 0 1 1 1 0 1 0 1 1 1 1 0 0 0 1 
1 0 0 0 1 0 1 0 0 0 0 0 0 1 0 0 0 1 1 0 
1 0 1 0 1 0 0 0 1 0 1 1 0 1 0 1 0 0 0 0 
1 1 1 1 1 1 0 1 0 1 0 0 1 0 0 1 1 1 0 0 
1 0 1 0 0 1 1 1 0 1 0 0 1 1 0 0 0 0 1 0 
0 0 1 0 0 1 0 0 1 1 0 1 1 0 0 1 0 0 0 0 
0 0 0 0 1 0 0 0 0 1 0 1 1 1 1 1 1 1 1 0 
1 0 1 0 1 0 1 0 0 1 0 1 1 1 0 0 1 1 0 1 
0 0 0 0 1 0 0 1 1 1 1 1 1 1 1 1 1 0 1 0 
1 0 1 0 0 1 1 1 1 0 0 0 1 0 1 1 1 1 0 1 
0 1 0 0 1 0 1 0 0 0 1 1 0 0 1 1 1 1 1 0 
0 1 1 0 0 1 1 1 1 1 0 1 1 1 1 0 0 0 1 1 
1 1 1 1 1 0 0 1 1 0 0 0 1 0 0 1 0 1 1 1 
0 1 1 1 1 0 1 1 0 0 1 1 0 1 1 0 0 0 0 1 
1 0 1 0 1 0 0 1 1 0 0 1 1 0 1 0 0 1 0 0 
1 0 1 1 0 0 0 0 0 1 0 0 0 0 0 0 0 0 0 0 
1 0 1 1 1 1 1 0 0 1 1 1 1 0 0 0 1 1 1 0 
0 0 1 1 1 0 0 1 0 0 1 0 0 1 1 0 1 0 0 0 
0 0 0 1 1 0 0 0 0 1 0 1 1 1 1 0 1 1 0 0 
0 1 1 1 1 1 1 1 0 0 1 1 1 1 0 0 0 1 1 1 
0 1 0 0 0 0 0 1 1 1 1 0 1 0 0 0 1 1 0 0 
10 13
0 0 1 1 1 1 1 1 0 1 1 1 1 
1 1 1 1 0 0 0 1 0 1 0 0 0 
1 1 1 1 1 0 0 1 1 0 1 0 0 
0 0 0 0 0 1 0 0 0 0 1 1 0 
0 1 1 1 1 0 1 1 0 1 0 1 0 
0 1 0 1 1 0 0 1 0 1 1 0 1 
1 0 0 0 0 1 1 1 1 1 1 0 0 
1 1 0 1 1 1 1 0 1 1 1 1 0 
1 0 1 0 1 1 0 0 1 1 1 0 1 
0 0 1 1 1 1 0 1 1 1 0 1 0 
25 16
1 1 0 0 1 1 1 1 1 0 1 1 0 1 0 0 
1 0 0 0 0 0 1 0 1 1 1 0 1 0 0 1 
0 0 0 0 0 0 1 0 0 1 0 0 0 0 1 1 
1 1 0 1 1 1 1 0 0 0 0 0 1 0 0 1 
1 1 1 1 1 1 0 1 1 0 0 0 0 0 0 1 
0 0 1 0 0 0 1 1 0 1 1 0 1 0 1 0 
0 1 0 0 0 1 1 1 0 0 0 0 0 0 0 0 
1 1 1 0 1 0 0 0 1 1 1 1 0 1 1 1 
1 0 1 0 1 0 1 0 0 0 1 0 0 1 1 1 
0 1 1 1 0 0 1 0 0 1 1 0 1 0 1 1 
1 0 0 0 0 1 0 1 1 0 0 0 1 1 0 0 
0 1 1 0 1 1 0 0 1 1 0 0 0 0 0 1 
0 1 1 0 1 0 0 1 0 0 1 0 1 0 0 1 
0 1 0 0 1 1 0 1 0 0 1 0 1 0 0 1 
0 1 1 1 0 0 1 1 0 1 1 1 1 0 0 0 
1 1 1 0 1 0 0 1 0 1 1 0 1 0 0 1 
0 1 1 1 0 0 1 1 0 0 1 0 0 0 0 0 
1 1 0 1 1 0 1 0 1 1 0 0 1 0 1 1 
0 0 0 0 1 0 0 0 1 1 1 0 1 1 0 1 
0 0 0 0 0 0 0 1 0 0 0 0 1 1 0 1 
1 1 0 0 0 0 0 1 1 0 1 1 1 1 0 1 
1 1 1 1 0 1 1 0 0 0 0 1 1 0 1 1 
0 0 0 0 1 0 0 1 1 1 1 0 1 1 1 1 
1 0 1 1 0 1 0 0 1 0 1 0 1 0 1 0 
1 1 0 1 0 1 0 0 0 0 1 1 0 1 1 0 
12 11
1 0 0 1 1 1 1 1 1 0 0 
1 1 0 0 1 0 1 1 1 0 1 
1 0 0 0 1 1 1 0 1 1 0 
0 1 0 0 1 1 0 0 0 0 0 
0 1 1 0 1 1 0 1 0 0 0 
1 0 0 1 0 0 1 1 0 1 0 
0 0 1 0 1 0 1 1 1 1 0 
1 0 1 0 1 1 0 0 0 0 1 
0 0 1 0 0 1 1 0 1 0 0 
0 1 0 0 1 1 1 0 0 1 0 
1 0 0 0 1 0 0 0 0 1 1 
1 1 0 0 0 1 1 0 0 0 1 
13 25
0 0 1 0 1 1 0 0 1 1 0 0 1 1 0 1 1 1 0 1 0 1 1 0 0 
0 0 1 1 0 1 1 1 1 1 0 1 1 1 1 0 0 1 1 1 1 0 1 1 1 
1 1 0 1 1 0 1 1 1 1 0 0 1 0 0 0 1 0 1 0 1 1 1 0 0 
0 1 1 0 0 1 0 1 1 0 0 1 1 0 1 1 0 0 0 1 0 1 0 1 0 
1 0 0 0 0 0 0 0 0 0 1 1 1 1 1 1 0 0 0 1 1 1 1 0 1 
1 0 0 1 0 0 0 0 0 1 1 1 0 1 0 0 1 0 1 1 0 1 1 1 0 
0 1 1 0 0 0 1 0 0 1 0 1 1 0 0 1 1 0 1 1 0 1 1 1 0 
1 1 0 1 0 1 1 1 0 1 1 0 1 0 0 1 0 0 1 1 1 0 1 1 0 
0 0 1 1 1 0 0 1 1 0 1 1 0 0 1 1 1 1 1 1 1 1 1 1 0 
1 0 1 1 0 0 0 1 0 0 1 0 0 0 0 1 0 0 0 1 0 0 0 0 1 
1 1 0 0 1 1 1 1 1 1 1 0 0 1 1 1 0 1 0 1 1 0 0 0 0 
1 0 1 0 1 0 0 0 1 0 1 0 1 1 1 0 0 1 0 1 0 0 1 1 1 
0 0 0 0 1 0 1 1 1 1 0 1 1 0 0 1 0 1 1 1 0 1 0 0 1 
20 9
0 0 0 0 0 1 0 0 0 
0 0 1 1 0 1 1 0 0 
0 0 1 1 1 0 0 0 1 
1 0 0 0 0 1 1 0 1 
1 0 1 1 0 1 0 1 1 
1 1 0 1 1 1 1 0 1 
0 1 0 0 1 1 0 0 1 
1 1 0 0 0 1 0 1 0 
1 1 1 1 0 1 0 0 1 
0 0 0 0 1 1 1 1 0 
0 1 0 1 0 1 0 1 1 
0 0 1 1 0 1 1 0 1 
1 1 0 1 1 1 1 0 1 
1 0 0 0 0 1 1 1 1 
1 0 0 0 1 1 0 0 0 
1 1 1 1 0 1 0 1 0 
0 0 1 1 0 1 0 0 1 
1 1 1 1 0 1 0 0 1 
1 0 1 1 1 0 1 0 0 
0 1 0 1 0 0 1 1 0 
25 11
1 1 1 1 0 0 0 0 0 0 1 
0 0 0 0 1 0 1 0 0 0 1 
0 1 1 0 0 1 1 1 1 1 0 
1 1 1 1 0 0 0 1 1 0 1 
0 0 1 0 1 1 0 1 1 1 0 
0 1 0 0 1 0 0 1 0 0 1 
1 1 1 0 0 0 0 1 0 1 1 
1 1 0 0 1 1 1 0 0 0 1 
0 0 1 0 0 0 1 1 1 1 1 
0 0 0 0 0 0 0 1 0 0 1 
1 0 0 0 1 1 0 1 1 0 0 
0 1 0 1 0 1 1 1 0 0 1 
0 1 1 0 0 1 1 1 1 0 0 
1 0 0 0 0 1 1 1 0 1 1 
0 1 0 0 0 1 0 1 1 1 1 
1 1 1 0 0 1 1 1 1 1 0 
0 0 1 0 1 1 1 1 1 1 1 
1 1 1 0 1 0 0 0 0 1 0 
0 0 1 1 0 0 1 0 1 0 0 
1 1 1 0 0 1 0 1 1 1 0 
1 1 0 0 1 1 1 0 1 1 1 
1 0 1 1 1 1 0 1 0 1 0 
0 1 0 0 1 0 1 1 1 1 0 
0 1 0 0 0 1 0 0 1 1 0 
1 1 0 1 0 0 0 1 0 1 1 
21 14
1 1 1 0 0 0 0 0 0 0 0 1 0 1 
1 1 1 0 1 0 0 1 0 0 1 1 1 1 
0 0 0 1 0 1 1 1 1 0 0 0 1 1 
1 0 0 0 0 0 1 0 0 0 1 1 0 0 
1 0 0 1 0 0 1 1 1 1 0 1 1 0 
1 1 1 1 1 0 0 0 0 0 0 1 0 1 
1 1 0 1 1 0 1 0 0 1 0 1 0 1 
1 1 0 0 1 1 0 0 1 0 1 0 0 1 
1 0 1 0 0 1 1 1 1 1 0 1 1 0 
0 0 0 0 0 0 1 1 1 0 0 1 0 1 
0 1 0 1 0 1 1 0 0 0 1 1 0 1 
1 0 1 1 0 1 0 0 1 1 0 1 1 0 
1 1 0 1 1 1 1 1 0 1 1 1 1 0 
0 1 1 1 0 1 1 1 0 1 0 0 0 1 
1 1 0 0 0 0 1 0 1 1 1 0 0 0 
0 0 1 0 1 1 0 0 0 1 0 0 1 1 
1 1 0 1 0 1 0 1 0 1 1 0 0 1 
0 0 0 1 1 0 0 1 0 1 1 1 1 0 
1 0 1 0 1 1 1 0 0 0 1 0 0 0 
0 1 1 1 1 1 1 0 1 0 1 0 0 1 
0 1 0 0 0 1 0 0 1 1 0 1 0 0 
24 14
1 0 0 0 0 0 1 1 1 1 0 1 1 1 
1 1 1 1 1 1 1 1 0 1 0 1 1 1 
1 1 1 1 1 0 1 1 0 0 0 0 0 1 
1 1 1 1 1 0 1 1 0 1 1 1 1 1 
0 0 1 1 1 0 0 0 1 1 1 1 1 1 
1 1 0 0 1 1 0 0 0 1 0 0 1 0 
0 1 0 0 1 0 0 1 0 1 1 0 0 1 
0 1 1 1 1 0 1 1 0 0 0 1 1 0 
1 1 1 0 0 1 1 0 0 1 0 1 1 1 
1 1 1 1 1 0 1 1 1 1 0 1 1 1 
0 0 0 1 0 0 0 0 1 0 0 0 0 0 
1 0 1 1 0 1 0 1 1 0 0 1 0 1 
0 1 0 0 0 0 1 0 0 1 1 0 1 0 
0 1 0 0 0 1 1 1 1 0 0 1 0 0 
1 1 0 0 1 1 1 0 1 1 0 1 0 1 
0 0 0 1 0 0 0 0 1 0 1 0 1 1 
1 0 1 0 1 0 0 1 1 1 1 1 1 0 
0 1 0 0 1 1 1 0 0 1 0 0 1 0 
1 0 0 0 1 0 1 1 1 1 0 1 0 1 
0 1 0 0 1 0 0 1 1 0 0 0 0 1 
0 1 0 1 0 1 0 0 1 1 1 1 0 1 
0 1 0 0 0 0 0 0 0 1 0 1 0 0 
1 1 1 1 0 1 1 0 1 0 0 1 1 1 
1 1 0 1 1 1 1 0 0 1 1 0 1 0 
2 3
0 0 0 
0 1 1 
21 15
1 1 0 1 1 1 1 0 1 0 0 1 1 1 1 
1 0 0 1 1 0 0 0 0 0 1 0 0 0 1 
1 1 0 0 1 1 0 1 1 1 0 1 1 1 1 
0 1 0 0 0 0 1 1 1 1 0 0 0 0 1 
1 0 1 1 0 1 0 0 0 0 0 1 1 0 1 
1 0 0 1 0 1 1 0 1 1 1 1 1 0 1 
1 1 1 1 1 0 1 0 1 0 0 1 1 1 0 
0 0 1 0 1 0 1 1 1 0 0 1 0 1 1 
0 1 0 1 1 0 1 0 1 1 0 1 0 0 1 
0 1 1 1 1 1 1 0 1 1 1 0 0 1 0 
1 0 0 0 0 0 0 0 0 0 0 1 0 1 0 
1 0 0 0 1 1 1 0 0 1 1 0 0 0 1 
0 0 1 1 0 1 0 0 1 1 0 1 0 0 0 
0 0 0 0 0 0 0 1 0 1 1 1 1 0 1 
0 1 1 0 0 1 0 1 0 1 0 0 0 0 1 
1 1 1 1 1 1 0 0 0 0 1 1 0 0 1 
1 1 0 1 1 1 1 0 1 0 0 1 0 0 0 
1 0 1 1 1 0 0 1 0 0 0 0 1 1 1 
1 1 0 1 0 1 0 0 0 0 0 0 1 1 0 
0 0 0 0 0 1 0 0 0 1 0 1 1 1 0 
0 0 0 1 0 0 1 0 1 1 0 0 0 1 0 
6 21
0 0 1 0 1 0 0 0 1 1 1 1 0 0 1 1 0 0 1 1 1 
0 1 0 1 0 1 0 1 0 0 1 0 1 0 0 0 0 1 1 0 1 
1 0 1 0 1 0 0 1 1 1 1 0 0 1 0 0 0 0 0 0 1 
0 0 1 1 0 0 0 1 1 0 0 0 0 0 0 0 1 0 0 0 1 
0 1 1 1 1 1 0 0 0 1 1 1 1 1 1 1 1 1 0 1 1 
1 1 1 0 0 0 0 1 1 0 0 1 0 1 0 1 1 1 0 1 0 
12 25
1 0 1 0 1 1 0 1 0 1 1 1 1 1 1 0 0 0 0 0 1 0 0 0 0 
0 0 0 1 0 0 0 0 0 0 0 1 0 0 0 0 1 0 0 1 0 0 0 1 1 
1 1 1 0 1 0 1 0 0 1 1 1 0 0 1 1 1 0 0 1 1 1 1 1 1 
0 0 1 1 1 0 1 1 1 0 0 0 1 0 1 0 0 0 1 1 0 1 1 1 0 
1 0 0 0 1 1 1 0 0 0 0 1 1 0 0 1 1 0 0 1 0 0 0 0 1 
0 1 0 1 1 1 0 0 1 1 0 1 0 1 0 1 1 1 0 1 0 0 0 1 1 
0 1 1 1 0 1 0 1 0 1 1 0 0 0 1 0 0 1 1 0 0 0 0 1 0 
0 1 0 0 1 0 1 0 1 1 1 0 1 1 0 1 1 0 0 0 0 1 1 0 1 
0 0 0 0 1 1 0 0 0 1 0 1 1 1 1 0 0 0 0 1 0 1 1 0 0 
0 1 0 1 0 1 1 1 0 0 1 0 1 0 1 0 1 0 0 0 0 1 0 0 0 
1 0 1 0 1 1 0 1 1 0 0 0 0 1 1 1 0 1 1 0 0 0 1 0 1 
1 0 0 1 1 0 0 1 1 0 0 0 0 0 0 1 0 1 0 0 1 0 0 0 1 
18 10
1 1 0 1 0 1 0 0 0 1 
0 0 1 1 1 0 0 0 0 1 
1 0 1 0 0 1 1 0 0 1 
1 1 1 0 1 1 1 1 0 0 
0 1 0 1 1 1 0 1 1 0 
0 0 0 0 0 0 1 1 0 0 
0 0 1 1 1 0 0 1 1 0 
0 1 0 1 0 1 0 1 0 1 
0 0 1 1 0 1 0 1 1 0 
0 1 1 1 0 1 1 1 0 0 
1 1 1 1 1 0 1 0 0 0 
1 1 1 0 1 0 0 1 0 1 
1 0 0 0 0 1 0 1 0 1 
1 0 1 0 0 1 1 0 0 0 
1 0 0 0 0 0 1 1 0 1 
1 1 0 0 1 0 1 1 0 1 
1 1 0 1 1 1 0 1 0 1 
0 1 0 0 0 1 1 0 1 1 
14 7
1 1 0 0 1 1 0 
1 1 0 0 0 0 1 
1 1 0 0 0 0 1 
0 1 1 0 0 0 0 
0 1 1 0 1 0 1 
1 0 1 1 1 0 1 
1 1 1 0 1 0 1 
1 1 0 0 1 1 1 
0 1 1 0 1 0 1 
0 0 1 1 0 1 0 
0 1 0 1 1 1 1 
0 0 1 0 1 1 0 
1 0 0 0 1 0 1 
0 0 1 1 0 1 1 
9 5
0 1 1 1 1 
0 0 0 0 0 
0 0 1 1 0 
0 0 0 0 0 
1 1 0 0 0 
0 1 0 0 1 
1 1 1 0 0 
0 1 1 1 1 
1 1 1 1 0 
13 11
1 1 0 0 0 1 0 0 0 1 1 
1 1 0 1 0 1 1 1 0 0 0 
0 0 1 0 1 1 1 1 0 0 0 
0 1 0 1 0 0 1 1 1 0 0 
0 1 1 0 0 1 1 0 1 0 0 
0 1 1 1 1 0 0 0 0 0 1 
0 0 0 0 0 0 0 0 0 1 1 
1 0 1 1 0 1 0 0 0 0 1 
1 0 0 1 1 0 1 0 0 1 1 
0 1 0 1 1 1 0 1 1 0 0 
1 0 0 0 0 0 1 1 0 0 0 
1 0 0 1 0 1 1 0 0 0 0 
1 0 1 0 0 1 1 1 1 1 1 
13 18
1 0 1 0 1 0 1 0 0 0 0 0 0 0 1 1 0 1 
1 1 0 1 0 0 0 0 0 1 1 0 0 1 1 0 1 1 
0 1 0 1 1 0 0 0 1 1 1 1 1 0 0 1 0 1 
1 0 0 0 1 1 0 1 1 0 1 1 0 0 0 0 0 1 
0 0 1 0 0 1 1 0 1 0 1 0 1 0 1 1 0 1 
1 0 0 0 0 1 0 0 1 0 1 1 0 0 1 1 0 0 
1 1 1 0 0 0 1 1 1 0 1 1 0 0 0 1 1 0 
1 1 0 0 1 1 0 0 0 1 1 0 1 0 1 0 0 1 
0 0 0 0 0 0 1 1 1 1 1 0 0 0 0 1 0 1 
0 0 0 1 1 1 0 0 0 1 1 1 1 1 1 0 1 1 
0 1 0 1 1 1 1 1 1 0 1 1 1 0 1 0 0 0 
0 1 1 0 1 1 0 0 1 0 0 0 1 0 1 1 1 0 
1 0 1 1 1 0 0 0 0 0 0 0 1 1 1 1 1 1 
11 16
1 1 0 1 0 1 0 0 1 1 1 0 1 0 0 1 
1 0 0 1 1 0 1 1 0 0 1 1 0 1 1 0 
1 1 1 0 0 1 1 1 0 1 1 0 1 0 0 1 
0 0 1 0 0 0 1 1 1 0 0 0 1 1 0 0 
0 1 1 0 0 0 0 1 0 1 0 1 1 0 1 0 
1 0 0 0 1 1 0 1 1 1 0 1 0 0 0 0 
0 0 1 1 0 0 0 1 0 0 0 1 1 1 1 1 
0 0 1 0 0 1 1 1 0 0 0 1 0 0 1 0 
0 1 1 0 1 1 0 1 0 0 0 1 0 0 1 1 
1 0 0 0 0 0 1 1 1 1 0 1 1 0 0 0 
0 0 0 0 0 1 0 0 1 1 0 0 1 0 1 1 
16 16
0 1 0 1 0 1 0 0 1 1 0 0 1 0 1 0 
0 1 1 0 1 0 1 0 1 0 0 1 1 0 1 0 
0 1 0 0 0 0 0 1 1 1 1 0 0 0 0 0 
1 1 0 1 1 1 0 1 0 0 1 1 0 0 0 1 
0 0 1 1 0 0 0 1 1 0 1 0 1 1 1 0 
1 0 1 1 0 0 0 0 0 1 1 0 0 1 1 1 
0 0 1 0 1 0 0 1 1 1 1 1 0 1 1 0 
0 0 0 0 1 1 1 0 1 0 0 1 1 0 1 0 
1 0 0 1 1 1 1 0 0 1 0 1 0 1 1 1 
1 0 1 1 1 0 0 1 1 0 0 0 0 1 1 0 
1 1 0 0 0 0 1 1 1 0 1 1 1 0 0 1 
0 0 1 1 0 1 0 1 0 1 0 0 1 0 0 1 
0 0 1 0 1 0 0 1 0 1 1 1 0 0 0 0 
1 1 0 0 0 0 1 1 0 0 1 0 0 0 0 1 
0 1 0 0 1 0 1 0 1 0 1 1 1 1 1 0 
1 0 0 0 1 1 0 1 0 0 1 0 1 1 0 0 
15 11
0 0 0 1 1 0 0 0 0 0 1 
1 1 1 0 0 0 1 1 1 1 1 
0 1 1 1 1 1 1 1 1 0 0 
1 1 0 1 0 1 0 0 1 0 1 
1 0 0 1 0 0 1 0 0 0 0 
0 0 1 0 1 0 0 0 0 1 1 
1 1 0 0 0 0 0 1 1 0 0 
0 0 0 0 1 1 0 1 1 1 1 
1 0 0 1 0 1 1 0 0 0 1 
1 1 0 0 1 0 0 0 0 1 1 
1 1 0 0 1 0 0 0 0 0 1 
1 1 0 0 0 1 0 0 1 1 0 
1 1 0 0 0 0 0 1 0 0 0 
1 1 0 1 0 1 0 1 1 0 1 
0 0 1 1 1 0 1 1 0 1 0 
4 25
1 0 0 0 0 1 0 0 1 1 1 1 1 1 0 1 1 0 1 0 0 0 0 1 1 
0 0 0 1 1 1 0 1 0 0 0 0 0 0 0 0 0 0 1 1 0 1 0 0 0 
0 1 1 0 0 1 1 1 1 0 1 0 1 0 0 0 1 0 1 1 1 1 0 0 1 
0 0 1 0 1 1 1 1 1 0 0 1 1 0 0 1 0 1 1 1 0 1 0 0 0 
6 20
0 0 1 1 1 1 0 0 0 1 0 0 0 1 0 1 1 0 1 1 
1 0 0 1 1 1 1 1 1 0 0 1 0 0 1 0 1 1 0 0 
1 1 1 0 1 1 0 0 1 0 1 1 1 0 1 0 1 1 0 1 
0 0 0 1 0 0 0 1 0 1 1 1 0 1 1 1 1 0 1 0 
1 0 0 0 1 0 0 0 0 1 0 1 0 0 0 0 0 0 0 0 
1 0 1 1 1 1 1 0 1 1 0 1 0 1 0 1 0 1 0 0 
6 18
0 0 0 1 0 1 0 1 1 0 0 1 0 1 1 0 1 0 
1 0 0 1 1 1 1 1 0 0 0 0 0 1 1 0 1 0 
0 1 1 0 1 0 1 0 1 1 1 1 0 1 0 0 1 0 
0 1 1 0 1 1 1 0 1 0 0 1 0 0 0 0 1 1 
0 0 1 0 0 0 0 0 1 1 1 1 0 0 0 1 0 1 
1 1 0 1 0 1 1 1 1 0 1 1 0 1 0 0 1 0 
1 9
0 1 0 0 0 0 0 1 0 
9 9
1 0 0 0 0 0 0 0 0 
1 0 1 0 0 0 0 1 0 
1 0 0 0 0 1 0 1 0 
1 1 1 0 1 0 1 0 1 
0 0 1 1 1 1 1 0 1 
1 1 1 0 0 1 1 0 1 
0 0 0 0 0 0 0 1 1 
0 1 0 0 0 1 1 1 1 
0 1 0 1 1 1 1 1 1 
11 17
1 0 1 0 1 0 1 1 1 1 1 0 0 1 0 1 0 
1 0 0 0 0 0 1 0 1 0 1 1 1 0 1 1 1 
0 1 1 0 0 0 1 1 1 0 1 0 1 0 1 1 0 
1 0 1 1 0 1 1 0 1 0 0 0 0 1 1 1 1 
1 1 1 1 0 0 0 1 0 0 0 1 0 1 1 0 1 
0 1 0 1 1 1 0 0 1 0 1 0 1 1 0 0 0 
1 0 0 0 1 1 1 0 0 1 0 0 0 1 0 0 0 
1 1 1 1 1 1 0 1 0 0 0 1 0 1 1 1 0 
1 0 0 1 0 1 1 1 0 1 0 1 1 0 1 1 0 
1 1 0 1 0 1 0 0 1 0 0 1 0 1 0 0 1 
0 0 0 0 0 0 1 1 0 0 0 1 0 1 1 1 1 
6 11
0 1 0 0 0 0 1 0 0 0 1 
0 0 0 0 1 1 0 1 1 1 0 
0 1 1 0 1 1 0 0 1 1 1 
0 1 0 1 1 0 1 1 1 0 1 
1 0 1 0 1 1 0 1 0 0 0 
1 1 0 0 1 0 0 0 0 1 1 
7 12
1 0 1 1 1 0 0 1 0 0 0 1 
1 0 1 0 0 0 1 1 1 0 0 1 
1 0 0 0 1 0 1 0 0 0 1 0 
1 1 1 1 0 0 1 0 1 0 1 0 
1 1 0 1 0 1 1 1 1 1 0 1 
1 1 1 0 0 0 0 0 1 1 1 1 
1 0 0 1 0 0 1 0 0 1 1 1 
18 16
0 0 0 1 1 0 0 1 1 0 1 0 0 0 0 0 
1 0 1 1 1 1 0 1 1 0 1 0 0 0 1 1 
0 0 0 0 1 1 1 0 1 0 0 0 1 0 1 1 
1 1 1 0 0 0 1 1 0 1 0 1 0 0 0 1 
0 1 1 1 0 1 1 0 1 0 0 0 0 1 1 1 
1 1 0 1 0 0 1 0 1 1 1 0 1 0 0 1 
0 1 0 1 1 0 0 1 0 1 1 0 0 1 0 0 
1 1 1 0 1 0 0 1 0 1 1 0 1 0 1 0 
0 1 0 0 0 1 1 1 1 1 1 0 1 1 0 0 
0 0 1 0 0 0 1 0 0 0 0 1 1 0 1 1 
0 0 1 0 0 1 0 0 1 1 1 1 1 1 0 0 
0 0 0 0 0 1 1 0 0 0 0 1 1 0 0 1 
0 0 0 0 0 1 0 1 1 1 0 1 1 0 1 1 
1 0 1 1 0 0 1 1 1 0 1 0 0 0 0 0 
1 0 0 0 0 1 0 1 1 1 0 1 0 0 1 1 
0 1 1 0 1 1 1 1 1 1 1 1 0 1 0 1 
0 1 1 1 0 1 1 1 0 1 0 0 1 0 0 1 
1 1 1 1 1 0 0 0 1 1 0 0 1 0 0 1 
4 14
1 1 1 0 1 0 1 1 1 0 1 1 1 1 
0 0 0 0 0 0 1 0 0 0 0 0 0 1 
1 0 1 0 0 0 1 1 0 1 0 0 1 1 
0 0 0 0 0 0 0 0 1 0 1 0 0 0 
22 13
0 1 1 0 0 0 0 0 0 0 0 1 1 
0 1 1 1 1 0 1 1 0 1 0 1 1 
1 0 1 0 1 0 0 1 0 0 0 0 1 
0 0 1 0 1 0 1 0 1 0 0 1 1 
1 1 1 0 1 1 0 1 1 1 1 0 1 
1 1 1 1 1 0 1 0 0 1 0 1 1 
0 1 1 0 0 1 0 0 1 0 1 0 0 
1 0 1 1 1 0 0 0 0 1 1 0 1 
1 1 0 0 0 1 1 0 1 0 0 1 1 
1 0 1 0 0 0 0 0 1 0 0 1 1 
0 0 1 1 1 0 1 1 0 0 0 0 0 
0 0 1 1 1 1 0 1 1 1 1 1 1 
0 1 1 0 1 0 1 0 0 0 1 0 1 
0 1 1 0 0 0 0 0 1 1 0 0 1 
1 1 1 0 1 1 1 1 0 0 0 1 1 
1 0 0 1 0 1 1 0 0 1 0 1 1 
1 1 0 0 0 0 0 1 0 0 1 0 0 
1 1 1 0 0 0 0 0 0 1 1 0 0 
1 1 0 1 1 0 1 1 0 1 0 0 0 
0 1 0 0 1 1 0 1 0 1 1 1 1 
1 1 1 0 0 1 1 0 1 0 0 0 0 
1 1 0 1 0 0 1 1 0 0 0 1 0 
14 16
0 1 1 1 0 0 1 0 1 0 0 0 0 1 0 0 
0 0 1 1 1 1 0 0 0 1 0 1 0 1 0 0 
1 0 1 1 0 0 0 1 0 0 0 0 1 0 0 0 
0 0 0 1 0 0 1 0 0 1 0 1 1 1 0 1 
0 1 1 1 1 0 0 0 0 0 1 1 1 1 0 1 
1 0 1 0 1 0 1 0 1 0 1 0 1 1 1 0 
1 0 1 0 0 1 1 1 0 0 1 1 0 1 0 1 
0 0 1 1 1 1 0 0 1 1 1 0 0 0 0 1 
1 1 1 1 1 0 0 0 0 1 0 1 0 0 1 0 
1 0 0 1 1 1 0 1 0 0 0 0 0 0 1 1 
1 0 0 0 1 0 0 0 1 1 1 0 1 0 1 0 
1 0 0 0 1 1 1 1 1 1 0 0 0 1 1 0 
1 1 0 0 0 1 0 1 0 0 1 0 0 1 1 0 
1 1 1 0 1 1 1 0 0 0 0 0 0 1 0 1 
7 9
0 0 1 0 1 0 0 0 0 
1 1 1 1 1 0 0 0 1 
0 0 0 1 1 0 0 1 1 
1 0 0 0 1 0 1 0 0 
1 0 0 1 0 1 0 0 1 
1 1 1 1 0 1 0 1 1 
0 1 0 0 1 0 1 1 0 
5 19
0 1 0 0 0 1 1 1 1 0 1 1 0 1 0 1 0 0 0 
0 0 1 0 1 1 1 0 0 0 0 1 1 1 1 0 1 0 0 
0 1 0 1 1 1 1 1 1 0 0 0 0 1 1 0 1 1 0 
1 0 1 0 1 1 1 0 0 1 1 1 1 0 0 0 0 0 0 
1 0 1 0 0 1 0 1 1 1 0 0 1 0 1 1 1 1 0 
13 25
1 0 0 1 1 0 0 1 0 0 1 1 0 1 1 1 1 0 1 0 1 1 0 1 1 
0 0 1 0 1 1 1 0 0 1 0 1 1 1 0 0 1 1 0 1 1 0 0 0 0 
0 1 0 1 0 1 0 1 0 0 1 1 0 0 1 1 0 1 1 0 1 0 0 1 0 
1 1 0 1 1 0 0 1 1 0 1 1 0 1 1 0 0 0 0 0 0 1 1 0 0 
1 0 1 1 1 1 1 1 0 1 1 1 1 1 0 1 0 1 1 0 0 0 1 1 0 
0 1 1 0 1 0 0 0 0 0 0 0 0 1 0 0 0 0 1 0 0 1 1 0 1 
1 1 1 1 1 0 1 1 0 1 1 0 1 1 0 1 1 1 1 0 1 1 1 1 1 
0 0 0 1 1 0 0 0 1 1 1 1 1 0 1 0 0 1 1 0 1 0 1 1 1 
1 0 1 1 0 1 1 1 0 0 1 0 1 1 1 1 1 0 0 0 1 0 1 0 1 
0 1 0 1 0 1 0 1 1 0 1 0 0 1 0 1 0 1 0 1 0 0 1 1 1 
0 1 0 1 1 0 1 1 0 0 1 1 1 1 0 0 1 1 0 1 1 0 0 0 0 
1 0 1 1 1 1 0 1 0 1 1 0 1 0 0 0 1 0 0 1 1 1 0 1 0 
0 0 1 0 1 0 0 0 0 1 1 0 0 1 0 1 1 1 0 1 0 1 1 1 0 
23 16
0 1 0 1 0 1 1 1 0 1 0 0 0 0 0 1 
1 1 0 0 1 0 1 1 0 1 0 0 1 0 0 1 
1 1 0 0 1 0 0 1 0 0 0 0 1 1 1 1 
0 0 0 1 0 1 1 0 0 0 1 0 0 1 0 1 
0 0 0 0 0 0 0 0 1 1 1 1 0 1 0 0 
0 1 1 1 1 0 0 1 0 0 0 1 0 0 1 0 
1 0 1 1 1 1 1 1 0 1 1 0 1 1 1 1 
1 0 0 1 0 1 1 0 1 0 1 1 1 0 0 1 
1 1 0 1 0 1 0 1 1 0 1 1 1 0 1 0 
0 0 1 1 1 1 0 0 0 0 0 1 0 1 1 1 
0 1 1 0 1 1 0 0 0 1 0 0 1 0 0 1 
0 0 0 1 0 0 0 1 1 0 1 0 0 1 1 1 
1 1 0 0 0 1 1 0 0 1 0 0 1 1 0 0 
0 1 0 0 1 0 0 0 1 1 1 1 1 1 0 0 
1 1 0 0 0 0 0 0 0 0 1 0 0 0 1 0 
0 0 0 0 0 0 0 0 1 0 0 0 1 0 0 0 
1 1 1 1 1 1 1 0 1 0 0 1 1 1 0 0 
1 0 0 0 1 1 0 1 1 0 0 1 1 1 1 0 
0 1 0 0 0 1 1 1 1 1 0 1 0 0 0 1 
0 0 1 1 1 0 0 0 1 1 1 1 0 0 1 0 
1 1 0 1 0 1 1 0 1 1 0 1 0 1 1 1 
1 1 1 1 0 0 0 1 1 0 1 1 0 0 1 1 
1 0 1 1 1 1 0 1 0 1 0 0 0 1 1 0 
18 21
0 0 0 1 1 0 1 1 0 0 0 0 1 1 0 0 0 0 0 1 1 
0 0 0 0 1 0 0 1 1 0 1 1 1 0 0 0 0 1 1 1 0 
1 0 1 1 0 0 0 0 0 0 0 1 1 1 1 1 1 1 1 1 1 
1 0 1 0 0 0 0 0 1 1 0 0 0 0 1 1 1 1 0 0 0 
1 0 0 0 0 1 1 0 0 1 0 1 0 0 0 1 0 1 0 0 0 
1 0 0 0 0 1 1 0 0 0 0 0 1 0 1 0 1 0 0 0 0 
0 1 1 0 0 0 1 0 0 0 1 0 0 0 1 1 1 1 1 0 1 
1 1 1 0 0 0 0 1 0 1 1 0 0 0 1 1 1 0 1 1 0 
0 1 0 1 0 0 1 0 0 0 1 0 1 0 0 1 1 1 1 1 0 
0 0 0 0 0 1 1 0 0 0 0 0 1 0 0 1 1 0 0 1 0 
1 1 0 0 0 0 1 0 0 1 0 0 0 0 0 0 1 0 0 1 1 
0 0 0 1 0 1 0 1 1 1 1 1 1 1 0 0 0 0 0 1 1 
1 0 1 0 0 0 1 0 1 1 1 0 1 1 0 1 0 0 0 0 1 
0 1 1 0 1 1 1 0 1 1 0 1 0 0 0 0 0 0 1 1 0 
1 1 0 1 1 1 1 1 1 0 1 0 1 0 1 0 1 0 1 1 0 
1 0 0 0 1 0 0 0 0 1 0 1 1 1 0 0 1 1 1 1 0 
0 0 1 1 1 1 0 1 1 1 1 1 1 1 1 0 1 0 0 1 1 
1 0 1 1 1 1 1 0 1 1 1 1 1 1 1 1 0 0 0 0 0 
19 17
0 0 1 0 1 0 0 0 1 1 0 1 0 0 1 0 1 
1 1 0 1 1 0 0 1 0 1 0 0 1 0 1 1 0 
0 1 1 0 1 0 1 1 1 1 0 0 1 0 1 0 0 
1 0 1 1 0 0 0 0 1 0 1 1 1 0 0 0 1 
0 0 1 0 1 0 1 0 0 1 1 0 0 1 0 0 1 
0 1 1 0 0 0 0 0 0 1 1 0 0 1 0 1 0 
0 0 1 1 0 1 0 0 0 1 1 1 0 1 0 1 1 
1 1 0 0 0 0 1 1 1 0 0 1 0 0 1 0 1 
1 1 0 0 0 1 0 0 1 1 1 1 0 1 0 1 1 
1 1 0 1 1 1 1 0 0 1 1 0 0 0 1 0 1 
0 0 1 0 1 0 0 1 0 1 1 0 1 1 0 1 1 
0 1 1 1 0 0 0 0 1 0 0 1 0 1 0 0 1 
1 0 1 0 1 1 0 0 0 0 1 0 1 1 0 0 1 
0 0 1 1 0 1 0 0 0 0 0 1 1 1 1 1 1 
1 1 1 0 1 0 0 0 1 1 0 0 1 1 1 0 1 
0 1 0 1 0 0 0 0 1 0 1 0 0 0 0 1 1 
0 1 1 0 1 1 0 0 1 0 1 0 0 0 1 1 0 
0 0 1 1 1 1 1 0 0 1 0 0 0 1 1 0 1 
0 1 0 1 0 1 0 1 0 0 0 0 0 0 0 1 1 
17 7
1 0 0 1 0 1 1 
0 1 0 1 0 0 1 
1 1 1 1 1 1 0 
1 0 0 0 1 0 1 
1 0 1 0 1 1 0 
1 1 1 1 1 0 1 
1 1 1 1 0 0 1 
1 1 0 0 1 1 1 
0 1 0 0 0 0 1 
0 0 1 0 0 1 0 
0 1 1 0 1 0 1 
0 0 1 0 0 1 0 
1 0 1 0 1 0 0 
1 0 0 0 1 1 1 
0 1 1 0 1 1 1 
0 1 1 1 0 0 1 
0 0 1 1 1 0 0 
4 1
0 
0 
1 
0 
1 11
0 0 0 1 0 1 0 1 1 1 0 
12 4
1 0 1 1 
0 0 1 1 
1 0 0 0 
1 1 0 1 
0 0 1 1 
1 0 0 0 
0 1 1 1 
0 0 1 1 
1 0 0 0 
1 1 0 0 
0 0 0 0 
1 1 0 1 
8 9
1 0 1 0 1 0 0 0 1 
0 1 1 1 1 0 1 1 0 
0 0 1 0 0 1 1 1 0 
0 0 0 1 1 0 1 1 0 
1 1 0 0 1 0 0 1 0 
1 1 0 1 1 1 1 0 1 
1 0 1 0 0 1 1 0 0 
0 0 1 1 0 0 1 0 1 
11 11
0 0 0 0 1 0 1 1 0 0 0 
0 1 0 1 1 1 1 1 0 1 0 
0 1 0 0 0 1 1 1 1 0 1 
1 1 1 1 0 0 1 1 0 0 0 
0 0 0 1 1 0 1 0 1 1 1 
1 0 0 1 0 0 0 1 0 0 0 
1 0 0 1 0 1 0 1 1 1 1 
0 0 0 1 0 1 1 0 1 0 1 
1 0 0 1 1 0 1 1 1 1 0 
0 1 1 0 0 1 1 0 0 1 1 
0 1 1 0 0 1 0 1 0 1 1 
9 4
1 1 1 1 
1 1 1 0 
0 1 1 0 
0 1 1 0 
0 1 1 1 
1 1 1 1 
1 0 1 1 
1 0 0 1 
1 0 1 0 
5 22
1 1 0 0 1 0 0 0 0 0 1 1 0 0 0 0 0 0 0 1 1 1 
1 0 1 1 1 0 0 1 1 0 0 0 1 0 1 0 1 0 0 0 1 0 
0 0 1 0 0 1 0 0 0 0 1 0 0 1 1 0 1 1 0 1 0 1 
1 1 0 1 1 0 1 1 0 1 1 0 1 1 0 0 0 1 0 0 0 0 
1 1 0 1 1 1 0 1 1 1 1 1 1 1 0 0 1 1 1 0 1 0 
13 13
1 1 0 1 0 1 1 0 0 1 0 0 1 
1 1 1 0 0 1 1 0 0 1 0 0 1 
1 0 0 1 1 1 0 0 0 1 0 1 1 
0 1 0 1 0 0 0 1 1 0 1 0 0 
0 1 1 0 1 1 0 1 1 1 0 0 0 
1 0 1 1 1 0 1 1 0 1 0 1 0 
1 1 1 1 0 1 1 0 0 0 1 1 1 
0 0 1 0 0 0 0 0 1 1 1 0 0 
0 1 0 1 0 1 0 0 0 1 0 0 0 
1 1 1 1 0 0 1 1 1 0 1 0 1 
0 0 1 1 0 1 0 1 0 1 0 1 0 
1 0 1 0 0 0 0 0 1 0 1 1 1 
1 1 1 0 0 0 1 1 1 0 1 1 0 
6 13
1 0 1 0 1 1 0 0 0 1 0 0 0 
1 0 1 0 0 0 1 0 1 0 0 0 1 
1 0 0 1 0 0 1 1 0 0 0 1 1 
1 0 0 1 0 0 0 1 1 1 0 0 0 
0 1 1 1 0 0 0 0 0 0 0 1 0 
1 0 0 1 1 1 1 0 1 0 1 1 0 
11 11
0 0 0 1 1 0 0 1 0 1 1 
0 0 1 1 1 1 0 1 1 0 0 
1 0 1 0 0 1 1 1 1 1 0 
1 1 0 0 1 0 1 1 1 1 1 
0 1 1 1 0 1 0 0 0 0 0 
1 0 1 1 0 1 1 0 1 0 1 
1 1 1 0 0 0 0 0 0 1 1 
0 0 1 0 1 0 1 0 1 0 1 
0 1 0 1 1 0 1 0 1 1 1 
1 1 1 0 1 0 0 1 1 1 0 
1 1 0 0 0 1 1 1 0 0 1 
15 20
0 1 0 0 1 0 1 1 0 0 1 1 0 1 1 0 1 0 0 0 
0 0 1 0 1 0 1 1 1 0 1 1 0 0 0 0 0 0 0 1 
1 1 0 1 1 1 0 1 0 0 0 0 1 0 0 1 1 1 1 1 
0 1 0 0 1 0 1 1 0 1 1 1 1 1 0 0 1 0 1 0 
1 1 0 0 1 1 1 1 0 0 0 0 1 0 1 0 0 1 0 1 
0 0 1 0 0 1 0 0 0 0 0 0 1 0 1 0 1 0 1 1 
1 1 0 1 1 1 1 0 1 0 0 1 0 1 0 1 1 1 0 1 
1 1 0 1 1 1 1 1 0 0 1 1 1 0 1 0 0 0 0 1 
0 0 0 1 0 0 0 0 1 1 1 1 0 0 0 1 0 1 1 1 
0 1 0 1 0 1 1 1 0 1 0 0 0 1 0 1 0 0 0 1 
1 1 1 0 0 1 1 0 1 1 1 0 1 0 1 0 1 1 0 0 
0 0 1 0 0 0 0 1 1 0 0 0 1 0 1 1 1 1 1 0 
1 0 0 0 1 0 1 0 0 0 1 0 0 1 0 1 0 0 1 1 
0 1 1 1 0 0 1 1 1 1 0 0 1 0 0 1 0 1 0 0 
0 0 1 1 0 1 1 0 1 0 1 0 1 1 1 1 0 0 0 0 
18 6
0 0 0 1 1 1 
0 0 1 1 0 1 
0 0 0 0 0 0 
1 1 1 0 0 0 
1 1 0 1 0 1 
1 0 0 1 0 1 
1 1 0 1 1 0 
1 1 0 1 0 0 
1 1 1 1 1 0 
1 0 1 1 0 0 
1 0 0 1 1 1 
0 1 1 1 0 0 
0 0 1 1 1 0 
0 1 1 0 1 0 
1 1 1 0 0 0 
0 1 1 0 1 1 
0 0 0 1 0 0 
0 1 1 0 0 1 
13 14
0 0 0 0 1 0 0 0 1 1 0 0 1 0 
1 1 0 1 1 0 1 0 0 0 0 1 0 1 
0 0 0 1 0 1 0 0 1 0 1 1 0 1 
0 1 1 1 1 0 1 1 1 0 1 0 1 1 
0 0 0 0 0 0 0 1 0 0 0 0 0 1 
0 1 0 1 1 1 0 0 1 1 1 1 0 0 
0 0 0 0 1 0 1 0 1 1 0 0 0 0 
0 1 0 1 0 1 1 0 1 0 0 0 0 0 
0 1 0 0 0 0 1 0 1 1 0 1 1 1 
1 1 1 1 0 1 1 1 1 1 0 0 0 0 
1 0 1 1 1 0 1 1 0 1 1 1 1 1 
0 0 1 0 1 0 1 0 0 0 1 1 1 1 
0 1 1 0 0 1 1 0 0 1 1 0 1 0 
11 22
1 1 1 0 0 1 1 0 1 1 0 0 1 0 1 1 1 1 1 1 0 1 
0 0 1 1 0 1 1 1 0 1 0 0 0 1 0 0 0 0 1 0 0 1 
1 0 1 1 1 0 0 0 1 1 0 1 0 1 1 0 1 0 0 1 1 1 
1 0 1 0 1 1 0 0 1 1 0 1 0 0 0 0 1 0 1 0 0 1 
0 1 1 1 1 0 1 0 1 1 0 1 1 0 0 1 0 0 0 0 1 1 
1 1 0 0 0 0 1 0 1 1 0 1 1 0 1 1 1 0 1 0 0 0 
0 0 0 1 0 1 0 1 0 0 1 1 0 1 1 0 0 0 1 0 1 0 
1 0 0 1 1 1 0 0 1 0 0 1 1 0 0 1 1 0 1 1 1 1 
0 1 0 0 1 0 0 0 1 1 0 1 1 1 0 1 0 0 0 1 1 1 
0 1 1 1 0 1 1 0 1 1 1 1 1 0 0 0 0 1 1 0 0 1 
0 0 1 1 1 0 1 0 0 0 0 1 0 0 1 0 0 1 0 0 0 0 
7 4
1 1 0 0 
1 1 1 1 
1 0 1 1 
1 1 1 1 
1 0 0 0 
1 1 0 1 
0 0 1 1 
3 25
1 1 0 1 0 1 0 1 1 0 0 1 0 0 0 1 0 0 1 1 1 0 0 0 0 
1 0 1 0 0 0 1 1 1 0 0 0 0 0 0 1 0 1 1 1 0 1 0 0 1 
1 0 1 0 1 0 1 0 0 0 0 1 1 1 0 1 0 1 0 0 0 0 0 1 1 
14 20
1 0 0 1 0 0 1 1 1 1 0 1 0 0 0 1 0 0 0 0 
0 0 0 0 1 0 0 1 0 1 1 0 1 0 0 1 1 1 0 1 
0 0 0 1 1 0 0 0 0 1 1 0 0 0 1 0 0 0 0 0 
1 0 1 0 1 0 0 0 0 0 0 1 0 0 0 1 0 0 1 1 
1 0 1 0 1 1 0 1 0 1 1 1 1 1 0 0 1 1 1 0 
1 1 0 0 0 0 1 0 1 0 1 0 0 0 0 1 1 1 0 1 
0 1 1 1 0 1 1 1 0 1 0 0 0 0 1 1 1 1 0 1 
1 1 0 1 0 1 0 1 1 1 0 1 1 1 0 0 1 0 1 0 
0 1 1 0 0 0 0 0 0 1 0 0 0 0 1 0 0 1 0 1 
1 0 1 0 1 0 0 1 1 1 1 1 1 1 1 1 1 0 1 0 
1 1 0 0 0 1 0 1 0 0 0 0 1 1 0 0 1 0 0 1 
1 1 1 0 0 1 1 1 0 0 0 0 1 0 1 1 1 0 1 0 
1 0 0 0 0 0 0 0 0 1 0 1 1 1 0 1 1 0 0 0 
1 0 1 0 1 1 1 0 0 1 1 1 0 0 1 0 1 0 0 1 
7 21
0 1 1 1 1 1 1 0 1 1 0 1 1 0 0 0 0 1 0 0 0 
1 1 1 0 1 0 1 1 1 1 0 0 0 0 1 0 1 1 0 0 1 
0 1 1 1 0 0 1 0 0 0 1 1 1 0 0 1 0 0 1 1 0 
0 0 1 1 1 1 1 1 0 1 1 0 0 1 1 0 1 1 0 0 0 
1 0 0 0 1 1 1 0 1 0 1 1 0 1 1 1 1 1 0 1 1 
0 0 1 1 1 1 0 1 0 0 0 0 1 0 1 1 0 0 0 1 0 
0 0 1 0 0 0 1 1 0 1 1 0 0 1 0 0 0 0 0 1 0 
19 23
1 0 0 1 0 0 0 1 1 0 0 0 1 0 0 0 0 1 0 0 0 0 0 
1 1 0 0 1 1 0 1 1 0 0 0 1 1 1 1 0 0 0 1 0 1 1 
0 0 0 0 1 0 1 0 0 0 1 1 0 1 0 0 0 0 0 1 1 0 0 
1 0 1 1 1 0 0 1 1 0 0 0 0 0 0 1 1 0 0 0 1 0 1 
0 1 1 0 0 0 1 0 1 1 1 1 1 0 1 0 1 1 0 0 0 1 1 
1 0 1 1 0 0 1 0 0 0 1 1 1 0 0 0 0 1 0 1 1 1 1 
1 1 0 1 0 1 1 0 0 1 0 0 0 0 1 1 0 0 1 0 0 1 1 
1 0 1 0 1 1 1 0 0 0 1 1 1 0 0 1 0 0 0 1 1 1 1 
0 0 1 0 0 0 0 0 1 1 0 1 1 0 0 0 0 0 1 0 0 1 0 
1 1 1 0 0 1 0 1 0 1 1 1 1 1 1 1 0 1 0 1 0 0 1 
0 0 1 0 1 1 1 1 1 1 0 1 0 0 1 0 0 0 1 0 0 1 0 
0 0 1 1 0 0 0 1 0 0 0 0 1 0 1 1 1 0 1 1 0 0 1 
0 1 1 1 0 0 1 0 0 1 1 1 0 1 0 1 1 0 1 1 0 0 1 
0 0 0 0 1 1 1 1 1 0 0 0 0 0 1 0 0 1 1 0 0 1 1 
0 1 0 0 0 1 1 0 1 1 1 0 1 0 1 0 1 1 1 1 1 0 1 
1 0 1 0 1 0 0 0 1 1 1 0 1 1 1 0 1 0 0 1 0 0 0 
0 0 0 0 0 0 0 1 0 0 0 0 0 0 0 1 1 0 1 0 1 1 0 
0 1 0 1 0 0 0 0 1 0 1 1 0 1 1 1 0 1 1 1 1 1 1 
1 0 0 0 0 1 1 0 0 0 0 0 0 0 1 1 1 1 0 0 1 1 1 
13 13
0 1 0 1 1 1 1 1 0 0 0 0 1 
0 1 1 0 1 0 1 1 1 1 0 0 1 
0 0 1 0 1 0 1 1 0 0 1 1 0 
0 0 0 0 0 0 1 1 1 0 0 1 1 
0 1 0 1 1 1 0 1 0 0 0 1 1 
0 1 0 1 0 0 1 0 1 0 0 1 1 
1 1 1 1 1 1 0 0 0 0 1 0 1 
0 0 1 0 0 0 1 1 0 0 0 0 0 
0 0 1 0 0 0 1 0 0 0 1 1 0 
0 0 1 1 0 0 1 0 1 0 1 0 0 
1 0 0 0 0 0 0 1 0 1 0 1 0 
1 0 1 0 0 1 1 0 1 1 1 1 0 
0 0 0 0 1 0 1 0 1 0 0 0 1 
22 12
1 1 0 0 0 1 1 1 0 0 0 0 
1 0 1 1 1 0 0 1 1 1 0 0 
0 1 0 0 0 1 0 1 1 0 0 1 
1 0 0 0 1 1 1 1 1 0 0 1 
1 1 1 0 1 1 1 0 1 1 0 0 
1 1 0 0 0 1 0 0 1 1 0 1 
1 1 0 1 0 0 1 1 1 1 0 1 
0 0 1 0 1 0 1 0 0 0 1 1 
1 1 0 0 0 0 0 0 0 0 1 1 
1 1 1 1 1 1 1 0 0 1 1 0 
0 1 1 0 1 0 1 0 1 1 1 1 
0 1 1 0 1 0 0 1 0 1 0 0 
0 0 1 1 1 1 0 0 1 1 1 1 
0 1 1 0 0 0 0 0 0 0 0 0 
1 0 1 0 1 0 1 0 0 0 0 0 
1 1 1 0 1 0 0 1 0 1 0 0 
1 0 1 0 0 0 1 0 0 1 1 1 
0 0 1 0 1 0 0 1 1 0 1 1 
0 0 1 0 0 1 0 1 1 0 1 1 
0 1 0 0 1 0 0 0 0 1 0 1 
1 0 0 1 0 0 1 0 0 1 1 0 
1 0 0 1 0 1 0 0 1 1 0 0 
7 1
1 
1 
1 
0 
1 
1 
1 
