31
10 7
1 0 1 0 1 0 1 
0 0 1 0 1 1 0 
0 1 0 0 0 0 1 
1 0 1 0 1 1 0 
0 0 0 1 1 1 0 
1 0 0 0 1 0 1 
1 0 0 1 0 0 1 
0 1 0 1 1 0 0 
0 0 0 1 0 1 0 
1 1 0 0 1 0 1 
15 7
0 0 0 1 0 0 1 
1 0 0 1 1 0 0 
0 0 1 0 0 0 0 
1 1 1 0 0 0 1 
1 1 0 1 1 0 0 
1 1 0 0 0 0 0 
0 0 0 0 0 0 1 
1 1 1 0 1 1 1 
1 0 1 0 1 0 0 
0 0 1 0 0 1 1 
0 1 1 1 1 1 0 
1 0 0 0 1 1 0 
1 1 1 1 0 0 1 
1 1 1 0 0 1 0 
0 0 0 1 1 0 1 
11 6
0 0 0 0 1 0 
1 1 1 1 1 0 
0 0 1 1 1 1 
0 0 0 0 0 1 
0 1 1 0 1 0 
1 0 1 1 1 1 
0 0 1 1 0 1 
0 0 1 0 1 0 
1 0 1 0 1 1 
0 0 0 0 1 0 
0 0 1 0 0 1 
11 3
1 1 1 
0 1 1 
1 1 0 
1 0 0 
0 1 0 
1 1 0 
0 1 1 
0 0 1 
0 0 1 
0 0 1 
1 0 1 
7 10
0 0 0 1 0 1 0 0 1 0 
1 0 0 1 1 1 1 1 1 0 
1 1 1 1 1 1 0 1 0 1 
1 1 0 0 0 0 1 0 1 1 
1 1 0 0 1 1 0 1 1 0 
1 1 1 1 1 1 1 0 1 1 
1 1 0 0 1 0 1 1 1 0 
25 10
0 0 1 1 0 0 1 0 0 0 
0 1 1 1 0 1 1 1 1 1 
0 1 1 1 0 1 0 1 0 0 
1 0 1 1 1 1 1 0 1 0 
0 0 1 1 0 1 0 0 1 1 
1 1 1 0 0 0 1 1 1 1 
0 1 1 0 1 1 0 1 1 0 
0 1 1 0 1 1 1 0 1 0 
1 1 0 1 1 1 0 0 1 0 
1 1 0 1 1 0 1 0 0 1 
1 0 0 0 0 0 1 0 1 1 
1 1 0 0 1 0 1 0 0 0 
0 1 0 1 0 1 0 0 0 0 
0 0 0 0 1 1 1 1 1 0 
0 0 1 0 0 1 0 1 1 0 
1 0 1 0 1 0 1 1 1 1 
0 1 0 1 0 0 1 1 1 0 
1 1 0 0 0 1 0 0 0 0 
0 1 0 1 0 1 0 0 1 1 
1 0 0 1 0 1 0 0 0 0 
1 0 0 1 0 0 1 1 1 1 
1 0 0 0 0 0 1 0 0 0 
1 1 0 1 0 0 0 0 1 1 
1 1 1 0 1 0 1 0 1 0 
0 1 0 0 0 1 1 0 1 0 
10 20
1 1 0 0 0 1 0 1 0 1 0 0 0 0 1 1 0 1 1 0 
1 1 1 0 1 1 1 0 1 0 1 0 0 0 1 1 0 0 0 0 
1 0 0 1 0 1 0 0 1 1 0 0 1 1 0 1 1 0 0 0 
1 1 1 0 1 1 0 0 0 1 0 0 1 1 1 0 1 1 0 0 
1 0 0 0 0 1 1 1 0 0 0 0 1 0 0 0 0 1 1 0 
1 1 0 0 1 1 1 0 1 1 1 1 1 1 1 0 0 1 0 0 
1 1 1 0 1 1 0 1 0 0 1 0 1 1 0 0 1 1 0 1 
0 1 1 1 1 1 0 1 1 1 0 0 1 1 0 0 0 1 0 0 
1 1 1 1 1 1 0 1 0 0 0 1 1 1 0 0 0 0 1 1 
0 0 1 0 0 0 1 0 0 1 0 1 0 1 0 1 0 1 1 1 
19 1
1 
1 
0 
0 
1 
0 
1 
1 
0 
0 
1 
0 
0 
1 
1 
1 
0 
0 
0 
15 9
0 1 0 1 1 0 0 0 0 
0 0 0 0 1 0 0 1 0 
1 0 1 0 0 1 1 1 0 
0 0 0 0 1 1 0 0 1 
1 0 0 1 0 1 0 0 1 
1 0 0 0 0 1 1 1 0 
1 0 1 0 1 1 0 1 1 
1 1 1 1 0 0 1 1 1 
1 0 1 1 0 1 1 1 1 
1 1 0 1 0 1 1 0 1 
1 0 1 0 0 0 1 0 1 
0 0 1 0 0 1 1 0 1 
0 1 0 1 0 1 1 0 1 
1 0 1 1 1 0 1 0 1 
1 1 1 0 1 1 1 0 1 
24 12
0 0 0 0 1 1 0 1 1 1 0 1 
0 0 1 0 1 0 1 0 1 1 0 1 
1 0 0 0 1 0 0 0 1 0 1 1 
0 0 0 1 0 1 1 0 0 1 0 0 
0 1 1 1 1 1 0 0 0 1 1 0 
1 1 0 0 1 0 1 1 0 0 1 0 
1 0 0 0 0 0 0 0 0 0 1 1 
0 1 1 0 0 1 1 0 1 1 1 0 
1 1 1 0 1 1 1 0 1 1 1 0 
0 0 0 0 1 0 1 0 0 1 0 0 
0 1 1 0 1 0 1 1 0 1 1 1 
0 0 1 0 0 0 0 1 0 1 0 0 
1 1 1 1 1 1 1 1 0 1 1 1 
1 0 1 0 0 1 0 1 1 0 1 0 
0 1 0 0 1 0 0 1 1 1 0 0 
1 0 0 1 1 0 0 1 1 0 0 0 
1 0 0 1 0 0 0 1 0 0 1 1 
0 0 0 0 1 1 1 1 1 0 1 0 
0 1 1 1 0 1 0 0 0 1 1 0 
1 0 0 1 1 0 0 1 0 0 0 0 
0 0 1 1 0 1 1 0 1 0 1 0 
0 1 1 1 0 0 0 1 1 0 0 0 
1 1 0 0 0 0 1 1 0 1 1 1 
1 1 0 1 0 1 1 0 0 1 1 1 
13 22
1 1 0 0 0 1 0 1 1 1 1 0 0 1 0 0 0 1 1 1 0 1 
1 1 1 0 1 0 0 0 0 0 0 0 1 0 0 1 0 0 1 1 0 1 
1 0 0 0 1 1 0 1 0 0 0 0 1 1 1 0 0 1 1 0 0 0 
0 0 1 0 1 1 1 0 1 0 1 1 1 1 1 1 0 0 0 0 1 1 
0 0 0 1 0 1 1 1 1 1 0 1 0 1 0 1 0 1 1 1 1 0 
0 1 1 1 0 1 1 0 0 0 0 1 1 0 1 1 0 1 1 1 1 0 
1 0 0 0 1 0 0 1 0 1 1 1 0 1 0 0 0 1 0 1 0 1 
1 1 0 0 0 1 0 0 0 1 0 1 1 0 0 1 0 1 0 1 1 1 
1 1 0 1 0 1 1 1 0 0 0 1 0 0 1 0 1 0 1 0 1 1 
1 1 1 1 1 1 1 1 1 1 1 0 1 1 1 1 0 1 0 1 1 1 
1 0 0 1 0 1 0 1 0 1 1 0 1 1 1 0 0 1 1 0 0 0 
1 0 0 1 1 0 1 1 0 1 1 0 0 1 0 1 0 0 0 0 0 0 
1 0 0 1 0 0 1 0 0 0 1 1 1 1 0 1 0 1 0 0 1 0 
10 19
1 1 0 0 1 1 0 0 0 0 1 0 1 1 1 0 1 1 1 
0 0 0 0 1 0 1 1 1 1 1 0 0 1 0 1 1 0 0 
1 1 0 1 1 0 0 1 1 0 0 0 1 0 0 0 0 0 1 
0 0 0 0 0 0 0 0 1 0 1 1 0 1 0 0 0 1 1 
1 1 0 1 1 1 0 1 0 1 1 0 1 1 1 1 1 0 1 
1 0 1 1 1 0 0 0 1 1 0 1 1 0 0 0 1 1 0 
0 0 0 0 1 0 0 1 0 0 0 0 0 1 0 0 0 0 0 
0 1 1 1 0 1 0 0 1 0 0 0 1 0 1 1 0 0 1 
0 0 0 0 1 0 0 0 0 1 1 1 1 1 0 0 1 0 1 
1 0 1 0 0 1 0 0 1 0 0 0 0 0 0 1 1 1 1 
2 8
1 0 0 1 0 1 1 1 
0 1 0 1 1 1 0 1 
1 6
0 0 1 1 0 1 
17 19
1 0 0 1 0 1 0 0 1 0 0 1 0 0 0 0 0 1 1 
0 0 1 1 0 1 0 0 0 1 0 0 0 1 0 1 0 0 1 
0 1 0 1 0 0 1 1 1 0 0 0 1 0 0 1 0 0 0 
0 1 0 0 1 1 1 1 0 1 1 1 0 0 1 0 0 1 1 
1 0 1 0 1 0 1 1 0 0 0 0 0 0 0 0 1 1 0 
1 1 1 0 0 1 0 1 1 0 1 1 1 1 0 1 0 1 0 
0 0 1 1 1 0 1 1 1 0 0 1 0 1 0 1 1 1 0 
1 1 1 1 1 1 0 0 1 1 0 1 0 1 0 0 1 1 0 
1 1 1 1 0 1 1 0 0 0 0 1 1 1 0 0 0 0 1 
0 0 1 0 0 0 0 0 0 1 0 1 0 1 0 1 0 1 1 
1 1 1 0 1 0 0 0 1 0 0 0 0 0 1 1 1 1 0 
0 0 0 0 0 1 0 0 0 0 1 1 1 1 0 0 1 0 1 
0 1 1 0 1 1 1 1 0 1 0 0 1 1 0 1 1 0 1 
0 1 1 1 0 1 1 0 0 0 0 1 1 1 0 0 1 1 0 
0 1 0 1 1 1 0 1 0 1 0 0 0 0 0 0 1 1 1 
0 0 0 0 0 1 0 0 0 0 1 0 1 0 1 0 0 1 1 
1 1 1 1 0 1 0 1 1 1 0 0 1 1 0 0 0 0 1 
1 9
1 0 0 1 0 0 1 1 0 
25 5
0 0 0 0 0 
1 1 0 1 1 
0 1 0 0 0 
0 1 0 1 0 
1 1 0 0 0 
1 0 0 0 1 
0 0 0 1 1 
0 0 0 1 1 
1 0 0 0 0 
1 1 1 0 1 
0 1 0 1 1 
1 0 0 1 1 
1 1 1 0 0 
1 1 0 1 1 
1 0 0 0 1 
0 0 1 1 1 
0 0 0 0 0 
0 0 0 1 0 
1 1 1 0 0 
0 1 1 0 1 
0 1 0 1 1 
1 1 1 0 1 
0 0 1 1 0 
0 0 0 1 1 
0 0 1 1 0 
12 21
0 0 0 1 1 1 1 1 0 0 0 0 1 0 0 0 1 1 1 0 0 
1 0 0 1 0 0 0 0 1 0 0 1 1 1 0 0 1 1 0 0 0 
0 0 0 0 1 1 1 1 0 1 0 0 0 1 0 1 0 1 1 1 0 
1 1 0 1 1 0 1 0 0 0 0 0 1 0 1 1 0 1 0 0 0 
0 1 0 0 0 0 1 1 1 1 0 1 1 0 0 0 0 0 1 1 1 
1 0 0 0 1 0 0 1 1 0 1 0 1 0 1 0 1 1 1 1 1 
0 1 1 1 1 0 1 0 0 0 1 1 1 1 0 0 0 0 0 1 0 
0 1 0 0 1 1 0 0 1 1 0 0 0 1 1 0 1 0 1 0 0 
0 1 0 0 1 1 0 1 1 1 1 0 1 0 0 0 1 1 1 1 0 
0 0 0 0 0 1 1 0 1 1 1 0 1 0 1 0 0 1 0 1 1 
0 0 1 0 1 0 1 0 0 0 0 1 1 0 1 0 1 1 0 1 1 
1 1 0 1 0 0 0 1 0 0 0 0 0 1 1 0 1 1 1 0 1 
7 2
0 0 
0 1 
0 0 
1 0 
1 1 
0 1 
0 1 
13 4
1 0 1 0 
1 0 1 1 
1 0 0 0 
1 0 1 1 
0 1 0 0 
0 0 1 1 
0 1 1 1 
1 1 1 1 
0 0 0 1 
0 1 1 1 
0 0 0 1 
1 0 0 0 
0 0 1 1 
13 21
1 1 0 1 0 0 0 1 0 1 1 1 0 1 0 1 0 1 0 1 0 
1 1 1 1 1 1 1 1 1 1 0 0 1 1 0 0 0 0 1 1 1 
1 1 1 1 1 1 1 1 1 0 1 0 0 0 1 1 0 0 1 1 0 
1 1 0 0 1 1 0 1 0 0 0 1 1 1 1 0 0 1 0 1 0 
1 0 0 1 1 1 1 0 0 0 1 0 0 1 0 0 1 0 1 0 1 
0 0 1 1 1 0 0 0 0 0 1 1 0 1 1 1 1 0 0 1 0 
1 0 1 1 0 1 0 0 1 0 0 1 1 1 0 0 1 0 1 1 1 
1 1 0 1 1 1 1 1 0 0 0 0 1 1 1 0 1 1 0 0 1 
0 0 1 1 1 1 1 0 1 0 0 0 1 1 1 1 1 0 1 0 1 
1 1 0 1 1 0 1 1 1 0 1 1 0 1 0 0 0 1 0 0 0 
0 1 0 1 0 0 0 1 0 1 1 0 1 0 0 1 1 1 1 0 1 
0 0 0 0 1 1 0 0 0 1 0 0 1 0 1 0 1 0 0 0 1 
1 0 1 0 0 0 0 1 0 1 0 1 0 0 0 1 1 1 1 0 1 
5 18
1 0 1 1 1 1 0 0 1 0 0 0 1 1 1 0 1 1 
1 1 0 1 1 1 0 1 0 1 1 0 1 0 1 1 1 0 
1 0 1 1 1 0 0 0 0 0 1 1 0 0 1 0 1 1 
0 1 0 1 0 1 0 0 1 0 0 0 1 0 1 1 1 1 
1 0 0 1 1 1 1 0 1 1 1 1 0 0 1 1 0 1 
23 25
0 0 0 1 1 0 1 0 1 1 0 0 1 1 0 0 1 0 0 1 0 1 1 1 0 
1 0 0 1 1 1 1 0 1 1 1 1 0 1 0 1 1 1 0 1 1 1 1 1 0 
0 1 1 0 1 0 1 0 0 1 0 0 0 1 1 0 0 1 1 1 0 1 0 0 0 
0 1 1 1 0 1 0 1 0 1 0 0 0 1 1 1 0 0 1 0 1 1 0 0 1 
1 0 1 0 0 1 0 1 0 1 1 1 1 1 1 0 1 0 0 0 1 0 1 1 0 
1 0 1 1 1 1 1 1 1 0 1 1 1 1 0 0 1 0 1 0 0 1 0 1 0 
1 1 1 1 1 0 1 1 1 0 0 1 0 1 1 1 0 1 1 0 1 0 1 1 0 
0 1 1 0 0 1 1 1 0 0 1 1 0 0 0 1 1 0 1 1 1 1 1 1 1 
1 0 1 1 1 0 1 0 0 0 1 1 0 0 1 0 1 1 0 0 0 1 1 1 0 
1 1 0 1 0 0 0 1 0 0 1 1 1 0 1 0 1 0 1 1 1 0 0 1 0 
0 0 1 0 0 1 0 1 0 0 1 1 0 0 1 0 0 1 1 0 0 1 0 1 0 
0 0 0 1 0 0 0 1 1 0 1 1 0 1 0 0 1 0 1 1 0 0 0 1 1 
1 0 0 1 0 1 0 0 1 1 1 1 0 0 0 0 1 1 0 0 0 1 0 0 0 
1 0 0 0 1 0 0 1 0 1 0 0 1 1 0 1 1 0 0 0 0 1 1 0 0 
1 1 1 1 0 0 1 1 1 1 1 1 0 1 1 0 0 0 0 1 0 0 1 1 0 
1 0 0 1 0 1 0 0 0 0 1 0 1 0 0 0 1 1 0 1 1 0 1 1 1 
0 0 0 1 0 0 0 0 1 1 0 1 1 0 1 1 1 0 0 0 0 1 0 1 1 
1 0 1 1 1 1 0 1 1 0 0 1 1 1 0 0 1 0 0 1 0 1 1 0 1 
0 1 0 0 0 0 0 1 0 1 1 1 0 1 0 1 1 1 0 0 0 0 0 1 1 
0 0 1 0 0 0 0 1 1 0 0 0 1 1 1 1 0 0 0 0 0 1 0 0 1 
1 0 1 1 0 0 0 1 1 1 0 0 1 0 1 0 0 0 1 1 0 1 0 0 1 
1 0 1 1 1 1 0 0 0 0 1 1 1 0 0 0 1 1 1 1 1 1 0 0 0 
0 1 1 0 1 0 1 1 1 1 1 0 1 0 0 1 1 1 0 1 0 1 0 0 1 
17 24
1 0 1 0 1 0 0 0 1 1 1 0 1 0 1 1 1 0 1 1 1 1 0 1 
1 0 0 0 0 0 1 0 0 0 0 1 1 0 1 1 0 0 0 1 1 0 0 0 
1 0 1 0 1 1 1 1 1 1 1 0 1 0 1 0 0 0 1 1 0 1 0 0 
0 0 1 1 0 1 0 1 1 0 0 1 0 0 1 0 0 1 1 1 0 0 1 0 
1 1 1 0 0 0 1 1 0 1 0 0 0 0 0 0 1 1 1 0 0 0 1 1 
1 1 1 1 0 1 0 1 1 0 1 0 1 0 0 0 0 0 0 1 0 0 1 1 
0 1 0 1 1 1 0 0 1 0 0 1 0 0 1 1 1 0 0 0 1 1 1 0 
1 0 0 0 0 1 1 1 1 0 0 1 0 0 1 1 0 1 1 1 1 1 1 1 
1 1 0 0 0 0 0 1 0 0 1 1 1 1 1 1 1 0 0 0 0 1 1 1 
0 1 1 0 0 0 0 0 0 1 0 1 0 0 1 0 0 0 0 1 1 0 1 0 
1 1 1 1 1 0 1 1 1 1 0 0 0 0 1 1 1 0 0 1 1 0 0 0 
0 1 1 0 0 1 0 1 1 1 0 0 0 1 1 0 1 1 1 0 0 1 1 1 
1 0 0 1 0 0 1 1 0 1 0 1 0 0 0 0 0 1 0 1 1 1 1 1 
1 0 0 1 0 0 0 0 1 1 1 1 0 0 1 1 1 1 1 0 0 0 0 1 
1 0 0 0 1 0 1 0 1 0 1 1 0 1 1 0 0 1 0 1 1 0 1 0 
0 1 0 1 1 0 1 1 0 1 1 1 0 1 0 0 0 1 0 0 1 0 0 1 
1 0 0 1 1 1 1 1 1 0 0 0 1 1 0 1 0 1 0 1 0 1 1 0 
25 8
1 0 1 1 0 1 0 0 
1 1 0 1 0 1 1 0 
1 0 0 0 1 0 1 1 
0 0 0 1 0 1 1 1 
0 0 0 0 0 1 1 1 
1 0 0 1 1 0 0 1 
1 1 1 0 0 1 0 1 
0 1 1 1 0 1 0 0 
0 0 1 1 0 0 1 1 
0 1 1 1 0 0 0 0 
0 0 1 0 1 0 0 1 
1 1 1 1 1 1 1 0 
0 0 1 1 1 0 1 1 
0 1 0 1 1 0 1 0 
0 1 1 1 1 1 0 0 
0 0 0 0 0 1 0 1 
0 1 1 1 1 1 0 0 
1 1 1 0 1 0 0 0 
0 0 0 1 1 0 1 1 
1 0 0 1 1 0 0 1 
0 0 0 0 1 0 1 0 
1 0 1 0 0 0 1 0 
1 0 0 1 0 0 0 0 
1 0 0 1 0 1 0 1 
1 1 1 1 1 0 0 0 
24 21
0 0 0 0 0 0 1 1 0 1 0 1 1 1 0 1 1 0 0 0 1 
0 0 0 1 1 0 0 0 0 0 1 1 1 1 1 1 0 0 1 0 1 
1 1 1 0 0 1 0 0 0 1 1 1 0 1 0 0 0 0 0 1 0 
1 0 0 0 1 1 1 1 0 0 0 0 1 1 1 1 0 1 1 1 0 
0 1 1 0 1 0 0 0 1 1 1 0 1 0 1 1 1 1 1 0 0 
0 0 1 1 0 1 1 1 0 1 1 1 1 0 0 1 0 0 0 1 1 
1 1 0 0 0 1 1 0 1 1 0 1 0 0 1 0 1 1 1 0 0 
0 1 0 0 0 1 1 1 1 0 0 1 0 0 0 1 1 1 1 0 0 
0 0 0 1 1 0 1 0 1 1 0 1 0 0 1 1 0 1 0 0 0 
1 1 0 0 0 0 1 0 1 0 0 0 1 1 1 1 1 0 0 0 0 
1 0 0 1 1 1 1 1 0 1 1 0 1 0 1 1 1 1 1 1 0 
1 0 1 0 0 0 1 1 0 0 1 0 1 1 1 0 1 1 1 1 1 
0 0 0 0 0 1 1 1 0 1 1 0 1 0 1 0 0 1 0 0 1 
0 1 1 1 1 0 1 1 0 0 0 1 0 1 1 1 1 1 1 1 0 
1 1 1 1 0 1 0 1 1 1 0 0 1 1 1 1 0 1 0 1 0 
1 1 0 1 0 0 1 1 1 1 0 1 0 1 0 1 0 0 0 1 1 
1 1 0 1 1 1 1 0 1 1 0 1 0 0 0 0 1 0 1 0 0 
0 0 0 0 1 0 0 0 1 1 0 0 0 1 0 0 1 1 0 1 0 
0 0 0 0 1 0 1 0 0 1 1 1 1 1 0 0 1 1 0 1 0 
0 0 1 0 1 0 0 1 1 1 0 1 0 0 1 1 0 0 0 1 1 
0 0 1 1 0 0 0 0 1 0 1 1 1 0 1 1 1 1 1 0 1 
1 0 0 1 0 0 1 0 1 1 0 1 1 1 0 1 1 1 0 0 1 
0 1 0 1 1 1 1 1 1 0 1 1 1 1 1 1 1 0 1 1 1 
0 1 1 0 1 0 0 1 0 0 1 0 0 1 1 1 0 0 1 0 1 
24 22
0 0 1 1 1 1 0 0 1 1 1 1 1 0 1 1 0 0 0 0 1 0 
0 1 1 1 0 0 0 0 1 1 0 0 1 0 1 0 1 0 0 0 0 1 
1 1 1 0 0 1 0 1 0 1 1 0 1 1 1 1 1 0 1 0 0 1 
1 0 1 1 0 1 0 1 1 1 0 1 0 0 0 1 1 1 1 0 1 0 
1 0 0 1 1 0 1 0 1 1 0 1 1 1 0 1 1 0 1 1 1 0 
1 1 0 1 0 0 0 0 0 0 1 1 0 1 0 1 0 0 1 1 0 1 
1 0 1 0 0 1 0 1 0 1 0 0 0 1 0 0 1 1 1 0 1 0 
1 1 1 1 1 0 0 0 0 0 1 1 1 0 1 0 0 1 0 0 1 0 
0 0 1 0 0 0 0 0 0 0 0 0 0 0 0 0 1 1 0 1 1 0 
0 0 1 1 1 1 0 1 0 0 1 1 0 1 1 1 0 1 1 1 1 0 
1 1 1 0 0 0 0 1 0 0 1 0 0 1 0 0 0 0 0 0 0 1 
1 0 0 0 1 0 1 1 0 0 1 1 1 1 0 0 1 1 0 0 1 0 
0 0 0 1 1 1 0 1 0 0 0 1 1 0 0 1 1 0 0 0 0 0 
1 1 0 0 1 0 1 1 0 1 1 0 0 1 0 1 0 0 0 1 0 0 
0 1 0 0 0 0 1 1 1 0 0 0 1 0 1 1 1 0 1 1 0 1 
0 0 0 0 0 0 0 0 1 0 0 0 0 0 0 1 0 1 0 1 0 0 
1 0 1 1 1 0 1 0 0 1 1 1 1 1 0 1 1 0 1 0 1 0 
1 1 1 0 1 0 1 1 1 0 1 0 0 1 0 0 0 0 1 1 0 1 
0 1 1 0 0 1 1 1 0 1 0 0 1 0 1 0 1 0 1 1 1 0 
1 0 0 1 0 0 0 1 1 0 1 0 1 0 0 0 1 0 0 1 1 1 
1 0 1 0 0 1 0 0 0 0 0 0 1 1 0 0 0 1 0 1 0 1 
1 1 0 0 0 0 1 1 0 0 0 1 0 1 1 0 1 1 0 1 1 1 
0 1 1 0 0 0 1 1 0 0 1 1 1 0 0 0 0 1 0 0 0 1 
0 1 0 0 1 0 1 1 0 1 1 1 1 1 1 1 1 0 1 0 0 0 
22 19
0 0 0 1 0 1 0 1 0 1 1 1 0 1 0 0 0 0 1 
0 1 1 0 0 1 1 0 1 0 1 1 1 1 1 0 0 1 0 
0 1 0 1 1 1 0 1 0 0 0 0 0 1 1 0 0 1 1 
0 0 1 1 1 1 1 1 1 0 0 0 0 0 1 1 0 1 1 
0 1 1 0 0 1 1 1 0 1 0 1 0 1 0 0 1 1 0 
1 0 1 1 0 1 0 0 1 0 1 0 1 0 0 0 1 0 0 
0 1 0 0 1 0 1 0 1 1 0 1 0 0 0 0 1 1 1 
0 1 0 1 0 0 1 0 0 1 0 0 0 1 0 0 1 0 0 
0 0 1 0 0 0 0 1 1 1 1 1 0 0 0 1 0 0 0 
0 0 1 1 0 0 0 1 0 0 0 0 0 0 0 0 1 0 0 
0 0 0 1 0 0 1 1 1 1 0 1 1 1 1 0 0 1 1 
1 1 0 1 0 0 1 1 1 1 0 0 1 1 0 1 0 0 0 
0 0 0 0 0 0 1 0 1 1 0 1 1 0 1 1 1 1 0 
0 1 1 1 1 0 0 1 0 1 1 1 1 0 0 1 0 1 1 
1 1 0 0 1 1 1 0 0 0 0 0 0 1 0 0 1 1 1 
0 0 1 1 0 1 0 0 0 0 1 1 0 0 0 0 1 1 1 
0 1 1 0 0 0 0 0 1 0 0 1 0 1 1 0 0 0 0 
1 1 1 0 1 0 1 0 1 0 0 0 0 0 0 0 1 0 0 
0 0 1 0 0 1 1 1 0 0 1 1 0 0 0 1 1 0 1 
0 1 1 1 0 0 1 1 1 1 0 1 0 1 1 0 1 1 1 
0 0 1 0 0 1 1 0 0 0 0 1 0 0 1 0 1 0 1 
1 0 1 1 0 1 0 1 1 1 1 1 0 1 0 0 0 0 0 
11 21
0 1 0 1 0 1 0 0 1 1 0 1 1 1 1 1 1 1 1 1 1 
0 1 1 0 1 0 0 0 0 1 0 1 0 1 0 1 1 1 0 1 1 
0 1 1 1 1 1 1 0 1 1 0 0 0 0 0 0 1 0 1 0 0 
0 0 0 0 1 1 1 1 0 0 0 0 0 0 0 0 0 0 0 0 0 
0 0 1 1 0 1 0 1 1 0 0 0 0 1 0 1 1 1 0 1 0 
1 0 0 1 1 1 1 1 0 1 0 1 0 0 1 0 1 1 0 1 1 
1 1 1 0 1 0 1 1 0 0 1 1 1 0 0 1 1 1 0 0 1 
1 0 1 1 1 0 0 0 1 1 1 1 0 1 0 0 0 1 0 0 0 
1 0 1 1 0 0 1 0 0 0 0 0 0 0 1 0 1 0 1 1 1 
1 1 0 0 1 1 0 0 0 0 0 1 1 0 0 0 0 1 0 0 0 
1 0 0 0 0 0 0 0 0 1 0 0 1 1 0 1 1 1 0 1 1 
14 6
1 1 1 1 0 1 
0 0 0 1 1 0 
1 0 1 1 0 0 
1 1 0 1 1 1 
1 1 0 1 1 1 
0 1 0 1 0 0 
0 0 0 1 1 1 
0 1 1 1 1 1 
1 0 1 1 1 1 
0 0 1 0 0 0 
1 1 0 1 0 1 
0 1 1 1 0 1 
0 1 0 0 0 0 
0 1 1 0 1 0 
2 1
1 
0 
