20
5
90221 690556 701971 517912 625648 
944 948 660 89 148 
8
128817 413475 334096 610445 230471 88517 312875 183443 
661 587 438 219 175 371 90 759 
7
912536 683276 718466 533001 506973 362201 246928 
57 613 752 659 353 755 136 
5
627196 941368 570325 122519 591055 
878 599 666 242 90 
6
366695 27136 903785 447548 926934 454657 
948 46 161 864 575 2 
2
115477 162904 
92 836 
4
197450 46529 781515 956942 
713 486 148 985 
10
447245 110631 62890 606509 831197 859556 367986 816148 265943 618453 
295 455 219 314 24 546 761 591 533 118 
4
79595 419629 237420 695195 
754 794 524 960 
9
875675 992239 596378 192198 166284 270050 119403 356465 945710 
706 316 702 246 578 292 281 300 319 
6
618535 40259 218509 546233 846077 613117 
235 995 736 623 757 917 
3
921347 367774 895555 
253 21 259 
8
247049 823479 894515 375329 446616 162214 887017 522482 
616 282 358 797 674 778 864 281 
6
116006 409878 14169 609855 55373 559215 
196 550 551 698 54 730 
4
208098 212006 539264 306163 
780 192 764 16 
4
473787 779549 71138 3494 
630 986 466 389 
7
447378 762275 153566 832443 488675 273554 448085 
509 796 311 292 899 560 321 
1
549514 
86 
6
77185 741803 394316 945907 936263 134229 
872 699 58 154 300 986 
5
474097 162486 695600 889652 194754 
191 121 293 341 753 
