8
9
903700 533625 938999 849176 30844 110645 682941 840550 370538 
886 803 2 925 649 96 995 43 836 
6
214612 419369 406725 540835 656114 508791 
653 710 306 560 199 202 
7
595289 305312 271064 729494 780415 646139 354898 
719 878 798 617 682 251 69 
7
143324 488920 833668 526136 976858 69492 614847 
479 610 558 516 413 860 255 
7
679387 538272 171839 134250 763786 469978 1398 
533 449 113 226 287 402 251 
1
42909 
954 
7
267320 990770 356281 689968 867875 781725 818924 
473 790 847 816 764 960 319 
7
193799 550790 699637 402069 485755 926466 187422 
9 910 917 214 226 24 86 
