219
21156 20621 3213
34190 25867 5166
57355 40744 7418
21958 6977 7410
6136 3592 4995
36772 1376 7660
78857 10721 9193
79866 70866 3191
33908 11674 9535
9379 2880 5302
5067 1768 3373
83223 8109 266
74822 45392 8553
71327 23765 1219
55961 27850 4596
82865 59826 7856
30678 7113 988
63564 57385 4768
7415 11 3850
43010 1635 1579
96195 11935 8557
43160 32064 2325
61920 14611 3722
76542 22769 9497
34779 8548 7019
97139 40835 7194
36649 27083 7725
1318 122 2375
30329 12600 1035
37483 22497 1178
94107 64665 5448
28589 1810 5538
10725 9977 1950
62188 5570 7138
17562 5423 7128
23573 15719 7957
13489 10862 1117
90931 52886 2213
80443 23082 8026
30256 13087 9809
68332 32479 2841
15615 15014 1327
21559 15624 1208
37578 25124 3422
64420 3797 4667
37002 32424 3064
57018 36163 435
24082 9583 7051
8298 7014 5468
65162 50196 9136
4856 3219 1930
43478 15767 8021
35622 13906 4052
33920 17534 8014
53387 5046 9108
76833 4882 9934
82953 61119 578
35226 20612 25
88972 38602 5184
30739 24666 1347
22154 21809 6782
34601 27494 9247
20680 13299 1215
91058 87489 1979
49774 42082 1748
28061 17665 5633
60343 9545 4369
58285 26474 9552
85863 25059 9632
58769 16303 4499
71122 46573 4971
37794 32575 3833
92682 74974 643
93246 87236 1275
772 563 4960
42690 27567 3145
8059 2336 5031
48906 14244 9636
88441 31692 3717
67338 23098 3102
22002 20898 1340
4684 2851 3879
3910 2161 3686
40636 27747 2620
52913 8218 64
1008 700 9612
91726 57130 1463
34125 9227 8141
40115 33956 9163
55443 35323 3864
63989 49748 4890
12437 1011 64
22789 16147 1536
93225 40357 6837
94004 31464 4520
81449 61779 1179
17075 16489 2625
86578 33648 6865
90351 83319 9414
10636 5134 4427
56532 49953 4737
58331 13285 262
52723 8740 9046
20891 15112 2235
27085 7305 6705
17817 2138 2378
17999 16971 3588
16361 14894 3024
612 164 7920
87773 10620 1946
12756 1382 8929
63251 35084 5033
713 620 1696
74399 5767 8231
22876 21505 7912
34283 19577 7044
54281 4297 3675
19426 11404 3024
97168 65668 5245
55906 4974 8559
89175 33696 7515
33055 2030 1324
57029 8588 1391
14233 9036 1784
1264 1223 2243
41749 30070 3822
55074 45535 4424
56816 49205 4705
55463 605 6455
49848 49143 3466
4110 557 1510
43813 28185 1841
43936 43385 7268
18916 12163 4140
99287 62843 87
70980 12875 9181
88020 72964 7524
83196 2672 7412
13646 13068 4505
50348 18756 4237
72631 53835 6602
66766 40672 2866
74634 58730 6131
81616 67184 2962
57050 11517 6179
38056 7562 7029
54625 44609 6325
65185 38173 9238
36509 13689 8824
3363 2670 845
20752 856 1638
60354 489 6020
40486 28025 6351
53965 42921 1093
37073 35486 2171
66544 57910 6210
53004 28882 5112
75514 30315 2268
3645 3545 5069
90010 49628 3768
6968 4899 5991
51826 47797 5513
44754 26936 4127
38466 24308 9444
91558 51421 5588
89990 13849 4151
34756 5760 7584
40654 11082 6223
73442 22167 1690
92662 22371 7333
11914 4289 6358
84446 76832 5285
26065 2660 1949
79085 19213 8953
31728 25523 7115
62274 27049 9981
50021 28945 3214
45780 29047 9619
83660 58370 7746
10696 4189 269
5382 932 9886
58602 45803 8900
38899 19177 7013
17816 5357 1799
52368 9427 7885
12668 7285 7019
83874 20448 2447
92978 69313 7151
21942 17447 4153
54003 50010 1246
75734 45376 4815
51424 42294 9936
84014 16779 8547
58828 8183 1786
96044 87456 7568
56576 28604 7772
13613 839 8641
95344 10524 1837
55695 38502 8449
20057 7273 9828
1871 832 4417
87387 2796 3044
18726 16921 6744
41721 13305 2998
27830 15325 1120
22767 5851 9132
24069 605 8516
50534 13151 4561
37388 26162 2226
47097 41763 8500
56118 42547 1547
63884 39196 9508
62349 61334 5533
154 79 2211
38925 20875 7486
81244 44216 610
61154 58294 5821
94823 69983 8803
86701 52045 6071
