160
67366 9226 328
71023 31411 1668
10279 6762 9233
41830 13745 8748
8869 4648 1377
9294 8029 8852
13384 10522 7532
51332 17883 3924
41332 17159 6199
13415 2 6245
25025 22123 4381
67216 37773 6170
82100 78807 5474
59316 5792 3580
92376 73081 3909
64546 24193 4493
11717 8155 5213
48557 3677 8504
35499 30555 7247
36712 15080 3438
22515 22493 6150
81799 55468 236
42704 21626 388
62460 16085 3771
87777 16221 9736
88066 2394 1812
51034 31744 6239
90025 4543 2027
35378 1773 4806
18584 997 8389
60408 29172 364
16750 11446 7764
8620 6463 8864
772 317 483
16361 12839 1765
44918 21027 6615
72017 54771 5320
14740 6323 5555
41254 13770 1767
97937 44276 1416
70016 21371 1773
38421 28632 6211
60870 10135 5518
95791 76449 2070
36487 18863 805
17652 4235 766
59893 53566 2971
83661 35386 7414
51984 18096 4406
7829 2426 7786
59312 16327 12
16468 15287 1040
13375 9064 6264
23732 10237 8130
49720 7070 7784
85518 23744 467
52006 43357 1444
1419 1190 58
3343 117 8549
80373 4710 9101
77886 24102 1852
78803 39881 1542
18110 15003 5666
33143 16927 492
37341 35748 8741
41000 16665 5767
89581 16481 348
58772 40367 3135
82537 42187 2461
39390 6762 5080
2961 198 8834
41597 23897 4272
92274 60132 587
24999 1051 5105
51103 2097 7750
92740 56680 2795
29397 13091 3565
63358 58062 4201
61690 5221 6842
66374 22921 1609
62040 23926 9051
29099 15603 28
18778 13301 5356
59470 15404 4803
14768 5114 3579
8075 20 1148
73920 66363 3834
72556 67736 361
37203 33592 7477
67131 43686 4851
23918 2606 8544
86319 21112 8292
89870 49385 8457
81814 42703 3202
75349 5467 4133
82195 50770 3445
89766 32161 6447
39694 26488 6489
95817 95412 4112
51957 9404 6516
35005 32976 4733
70736 7165 803
26158 7778 5250
62088 7743 4362
49794 48868 9681
71638 44813 1776
31200 19300 3836
15837 1839 4368
41865 6984 1474
84908 45205 7068
55378 38798 3501
592 342 8623
73189 28575 5530
87468 55279 2030
59417 31532 7039
47661 6866 6918
10377 2780 3332
16048 1076 9193
86947 66402 503
92188 50652 8264
47499 40406 9154
43671 38437 8921
58296 20925 7694
36571 22530 4576
61888 30316 9050
86147 24421 759
35341 19217 795
53864 30972 5874
87624 15383 8590
97567 97516 4283
19176 7827 6924
33200 27569 3766
20841 211 3165
17664 10219 5070
69176 36822 5802
40617 34439 7155
40605 37232 7658
59253 54051 5623
22889 21726 4670
39408 25746 4294
610 41 9943
81009 41066 6857
73171 3157 4256
72967 38051 6519
24606 14220 5487
52878 43919 705
35465 19447 6687
23109 3166 7148
92328 20688 4352
82197 49545 5116
33760 19691 6669
83188 17431 6468
6111 5033 532
2727 2184 103
48429 21508 6205
23543 8528 3503
28560 12959 6254
23499 14079 4823
4855 1420 3682
58167 47300 8814
